FLY-001 TOP POSITION-SENSITIVE NEURONS
======================================================================

Rank,Neuron,BestPosition,PeakActivity,Variation
1,117262,-0.30,25.00,9.78
2,120806,-0.30,25.00,9.78
3,164245,-0.30,25.00,9.78
4,123894,-0.40,25.00,9.77
5,124727,-0.40,25.00,9.76
6,117878,-0.30,25.00,9.76
7,123022,-0.40,25.00,9.75
8,119165,-0.30,25.00,9.75
9,118363,-0.30,25.00,9.75
10,165027,-0.40,25.00,9.75
11,143059,-0.40,25.00,9.75
12,117016,-0.30,25.00,9.75
13,143173,-0.40,25.00,9.74
14,114040,-0.40,25.00,9.74
15,123408,-0.30,25.00,9.74
16,122232,-0.40,25.00,9.74
17,143099,-0.30,25.00,9.74
18,120825,-0.30,25.00,9.74
19,122012,-0.40,25.00,9.74
20,114511,-0.40,25.00,9.74
21,165530,-0.30,25.00,9.73
22,123193,-0.40,25.00,9.73
23,120125,-0.40,25.00,9.73
24,124368,-0.40,25.00,9.73
25,124217,-0.40,25.00,9.73
26,121941,-0.40,25.00,9.73
27,117056,-0.30,25.00,9.73
28,124536,-0.40,25.00,9.73
29,123555,-0.40,25.00,9.72
30,122196,-0.20,25.00,9.72
31,113928,-0.30,25.00,9.72
32,118324,-0.30,25.00,9.71
33,122195,-0.40,25.00,9.71
34,123299,-0.40,25.00,9.69
35,123334,-0.30,24.80,9.64
36,122265,-0.40,25.00,9.64
37,121273,-0.40,25.00,9.62
38,91747,-0.20,25.40,9.62
39,164319,-0.30,25.00,9.62
40,141171,-0.30,25.00,9.60
41,119587,-0.10,24.80,9.55
42,144279,-0.20,25.40,9.54
43,119977,-0.40,25.00,9.49
44,109967,-0.40,25.00,9.48
45,115166,-0.40,25.00,9.46
46,122464,-0.10,25.20,9.45
47,119748,+0.00,25.00,9.40
48,129547,-0.30,24.20,9.39
49,122676,-0.40,25.20,9.38
50,118009,-0.30,24.00,9.37
51,119789,-0.30,24.00,9.37
52,114112,-0.30,25.20,9.37
53,117540,-0.30,24.20,9.36
54,118914,-0.30,24.00,9.32
55,100891,-0.40,25.00,9.30
56,109234,-0.40,25.00,9.28
57,111467,-0.30,25.20,9.18
58,101045,-0.10,25.20,9.11
59,113977,-0.30,25.40,9.06
60,110887,-0.40,25.00,9.03
61,163660,+0.80,36.40,9.02
62,158316,+0.80,36.00,9.00
63,158161,+0.80,36.20,8.99
64,156813,+0.80,36.00,8.99
65,163375,+0.80,36.20,8.99
66,160146,+0.80,36.20,8.98
67,158344,+0.80,36.00,8.98
68,157182,+0.80,36.00,8.98
69,157376,+0.80,36.20,8.97
70,162012,+0.80,36.40,8.96
71,155110,+0.80,36.20,8.96
72,158724,+0.80,36.20,8.96
73,156827,+0.80,36.20,8.95
74,157626,+0.80,36.20,8.94
75,154093,+0.80,36.20,8.94
76,156208,+0.80,36.20,8.94
77,151237,+0.80,36.00,8.94
78,158717,+0.80,36.00,8.92
79,155618,+0.80,36.00,8.91
80,159433,+0.80,36.00,8.89
81,158136,+0.80,36.00,8.89
82,166586,+0.80,35.80,8.88
83,159225,+0.80,35.80,8.84
84,157776,+0.80,35.80,8.83
85,156730,+0.80,36.20,8.80
86,166618,+0.80,35.60,8.74
87,165217,-1.00,25.00,8.73
88,118750,+0.00,25.00,8.72
89,125076,-0.40,25.00,8.72
90,122017,+0.80,25.00,8.71
91,116578,-0.30,25.00,8.71
92,123718,-0.30,25.00,8.71
93,120321,+0.80,25.00,8.71
94,115916,+0.00,25.00,8.71
95,117468,-0.30,25.00,8.71
96,115849,-0.20,25.00,8.71
97,143151,-0.40,25.00,8.71
98,165799,-1.00,25.00,8.70
99,115621,-0.30,25.00,8.70
100,119089,-1.00,25.00,8.70
